,acceleration_x,acceleration_y,acceleration_z,gps_lat,gps_long,gyro_x,gyro_y,gyro_z,speed_x,speed_y,timestamp
0,-0.975,0.032,-0.346,40.67615,-73.921234,0.0034,-0.0309,-0.0396,-6.691819,0.49361822,1489369574230
1,-0.94918334,0.010583191,-0.31524995,40.67615,-73.921234,-0.025376555,-0.006563577,-0.03908501,-6.691819,0.49361822,1489369574296
2,-0.96768355,-0.024416687,-0.32414985,40.67615,-73.921234,-0.0014132812,0.00917677,0.014343347,-6.691819,0.49361822,1489369574363
3,-0.9584,0.06695,-0.33915,40.67615,-73.921234,0.00885,-0.02078,-0.013805,-6.691819,0.49361822,1489369574430
4,-0.9595333,0.015833374,-0.33826664,40.67615,-73.921234,-0.0031350695,-0.01117825,-0.0029899487,-6.691819,0.49361822,1489369574496
5,-0.9435167,0.024533447,-0.3377334,40.67615,-73.921234,-0.0044665285,0.002516687,-0.029976647,-6.691819,0.49361822,1489369574563
6,-0.9661,-0.03195,-0.3169,40.67615,-73.921234,0.000965,0.001425,-0.0066,-6.691819,0.49361822,1489369574630
7,-0.95021653,0.029866796,-0.3370167,40.67615,-73.921234,0.0044833375,-0.023601672,-0.01572497,-6.691819,0.49361822,1489369574696
8,-0.9736334,-0.007716614,-0.33264998,40.67615,-73.921234,-0.011970056,0.0047250306,0.0021216492,-6.691819,0.49361822,1489369574763
9,-0.9637,0.04445,-0.3303,40.67615,-73.921234,-0.033135,-0.01375,0.00162,-6.691819,0.49361822,1489369574830
10,-0.94370025,0.04643341,-0.3236665,40.67615,-73.921234,-0.008636688,0.0010798706,-0.0027567323,-6.691819,0.49361822,1489369574896
11,-0.9171999,0.01463363,-0.36373323,40.67615,-73.921234,-0.00866665,0.016503178,-0.0021433337,-6.691819,0.49361822,1489369574963
12,-0.9441,0.022,-0.287,40.67615,-73.921234,-0.01418,-0.015,-0.0014,-6.6259985,0.48876297,1489369575030
13,-0.96619993,-0.015466675,-0.3300334,40.67615,-73.921234,-0.02722655,0.013166614,-0.008476606,-6.4797287,0.47797346,1489369575096
14,-0.96236664,0.02120017,-0.3601002,40.67615,-73.921234,-0.036956593,0.010513259,0.008676671,-6.33346,0.46718407,1489369575163
15,-0.9797,0.02,-0.3524,40.67615,-73.921234,-0.03393,0.03205,0.00106,-6.18719,0.45639455,1489369575230
16,-0.97243327,0.0019333496,-0.35213318,40.676155,-73.921234,-0.021073364,-0.0096332645,0.01154339,-6.040921,0.44560507,1489369575296
17,-0.9741001,0.03990004,-0.33666676,40.676155,-73.921234,-0.01241651,-0.027383344,0.009749945,-5.8946524,0.43481565,1489369575363
18,-0.9642,0.0374,-0.3644,40.676155,-73.921234,0.01467,0.02157,-0.00744,-5.7483826,0.42402613,1489369575430
19,-0.951,0.032666627,-0.33180016,40.676155,-73.921234,0.0020067017,0.017883368,0.010839966,-5.6021132,0.41323668,1489369575496
20,-0.8791332,0.07203336,-0.3259334,40.676155,-73.921234,-0.0008234509,-0.00936351,0.0011099597,-5.4558444,0.40244722,1489369575563
21,-0.9401,-0.0136,-0.3258,40.676155,-73.921234,-0.00915,-0.00774,-0.01164,-5.3095746,0.39165777,1489369575630
22,-0.97929996,0.0057332763,-0.33136663,40.676155,-73.921234,-0.027026562,0.002983307,0.0022433044,-5.1633053,0.38086826,1489369575696
23,-0.9937999,0.028966637,-0.3648668,40.676155,-73.921234,-0.023329878,0.009000013,0.005243395,-5.0170364,0.37007883,1489369575763
24,-0.9825,0.0386,-0.3487,40.676155,-73.921234,0.0018,-0.02223,-0.0032,-4.8707666,0.35928935,1489369575830
25,-0.97233325,0.034700014,-0.352,40.676155,-73.921234,0.00038652343,-0.0064700376,-0.008750007,-4.7244973,0.34849986,1489369575896
26,-0.9511332,0.023800073,-0.33296677,40.676155,-73.921234,7.005982e-05,0.0051733716,0.0021100696,-4.5782285,0.3377104,1489369575963
27,-0.9477,0.0032,-0.3246,40.676155,-73.921295,0.01866,-0.00104,-0.00364,-4.4409347,0.32758301,1489369576030
28,-0.93950045,-0.039866455,-0.3331668,40.676155,-73.921295,-0.0074865846,0.01110658,0.047979943,-4.314611,0.3182648,1489369576096
29,-0.96146667,0.017266529,-0.32739973,40.67616,-73.921295,-0.01835008,0.0406699,0.058916718,-4.1882877,0.3089467,1489369576163
30,-0.9338,0.0376,-0.2737,40.67616,-73.921295,-0.0098,-0.01847,0.01071,-4.061964,0.2996285,1489369576230
31,-0.92799985,0.11163336,-0.2682666,40.67616,-73.921295,-0.01812315,-0.024213184,-0.02763001,-3.9356408,0.2903103,1489369576296
32,-0.9926334,0.016166931,-0.30450007,40.67616,-73.921295,-0.0065733106,-0.022916632,-0.06923009,-3.8093176,0.28099215,1489369576363
33,-0.9728,-0.0044,-0.3104,40.67616,-73.921295,-0.02002,-0.00619,-0.00946,-3.682994,0.27167395,1489369576430
34,-0.9653832,-0.007400049,-0.30456668,40.67616,-73.921295,-0.021988377,-0.018258307,-0.023466602,-3.5566702,0.26235574,1489369576496
35,-0.95721674,0.0067999023,-0.31996676,40.67616,-73.921295,-0.00078986085,-0.009616443,-0.0062232837,-3.430347,0.2530376,1489369576563
36,-0.9778,0.03775,-0.30855,40.67616,-73.921295,0.02967,-0.00599,-0.00405,-3.3040233,0.2437194,1489369576630
37,-0.9752667,0.029299976,-0.29191682,40.67616,-73.921295,0.0010033764,0.0046398826,-0.003028407,-3.1776998,0.23440123,1489369576696
38,-0.96023333,0.033133153,-0.30861667,40.67616,-73.921295,-0.008853359,0.0059582945,0.0071766186,-3.0513763,0.22508305,1489369576763
39,-0.9413,0.02595,-0.3201,40.67616,-73.921295,0.00631,-0.012995,0.01775,-2.925053,0.21576485,1489369576830
40,-0.9267666,-0.024583314,-0.29705015,40.67616,-73.921295,0.008059995,-0.016766602,-0.0003365796,-2.7987292,0.20644668,1489369576896
41,-0.94145006,-0.00823357,-0.31154996,40.67616,-73.921295,-0.012628463,-0.04045001,0.0170516,-2.672406,0.19712852,1489369576963
42,-0.96605,0.0185,-0.29175,40.67616,-73.92134,-0.02551,-0.00877,0.005205,-2.5607426,0.18889172,1489369577030
43,-0.972,0.038883287,-0.29261658,40.67616,-73.92134,-0.03663658,0.00769009,0.004981698,-2.4669971,0.18197665,1489369577096
44,-0.96551675,0.036333498,-0.29575005,40.67616,-73.92134,-0.026636623,0.018823259,-0.0051366966,-2.3732522,0.1750616,1489369577163
45,-0.93425,0.0299,-0.2807,40.67616,-73.92134,-0.03413,0.02126,0.00617,-2.2795064,0.1681465,1489369577230
46,-0.93015,0.054283336,-0.2744666,40.67616,-73.92134,-0.0108367745,-0.018111622,0.00027665772,-2.1857612,0.16123143,1489369577296
47,-0.9491334,0.053683363,-0.2581666,40.67616,-73.92134,0.0010534326,-0.014765136,-0.021585047,-2.0920162,0.1543164,1489369577363
48,-0.97685,0.0205,-0.25725,40.67616,-73.92134,0.00865,-0.01166,-0.025035,-1.9982708,0.14740132,1489369577430
49,-0.9814666,-0.004983362,-0.2506834,40.67616,-73.92134,-0.005340078,-0.006748324,-0.011638316,-1.9045255,0.14048624,1489369577496
50,-0.9656333,-0.015249939,-0.24923332,40.67616,-73.92134,-0.017181749,0.018365014,-0.0032182995,-1.8107803,0.1335712,1489369577563
51,-0.95915,-0.0057,-0.2383,40.67616,-73.92134,-0.02323,0.008735,0.012845,-1.7170349,0.12665612,1489369577630
52,-0.95170003,0.025466602,-0.24544996,40.67616,-73.92134,-0.0112516275,-0.008294862,0.011865036,-1.6232896,0.11974104,1489369577696
53,-0.9687667,0.038699977,-0.23491669,40.67616,-73.92134,-0.0043982896,-0.019119889,-0.014218324,-1.5295446,0.11282598,1489369577763
54,-0.98495,0.0292,-0.22445,40.67616,-73.92134,-0.006455,-0.014465,-0.001455,-1.4357991,0.1059109,1489369577830
55,-0.97804993,0.03,-0.21713334,40.67616,-73.92134,-0.012488329,-0.0023116712,-0.0005733545,-1.3420537,0.09899583,1489369577896
56,-0.9577166,0.003666748,-0.19415002,40.67616,-73.92134,-0.01130342,0.008459931,0.003996653,-1.2483085,0.09208078,1489369577963
57,-0.96635,0.00065,-0.18465,40.67616,-73.92136,-0.013475,-0.009775,-0.007035,-1.1817795,0.08730249,1489369578030
58,-0.9684167,0.012583313,-0.1864666,40.67616,-73.92136,-0.014691632,-0.009830022,-0.0008883289,-1.1485144,0.08513583,1489369578096
59,-0.9703334,0.017666675,-0.1776667,40.676163,-73.92136,-0.015266632,-0.0020333594,0.00023332519,-1.1152495,0.08296919,1489369578163
60,-0.964,0.032,-0.168,40.676163,-73.92136,-0.0127,-0.002,-0.0033,-1.0819845,0.08080253,1489369578230
61,-0.9723333,0.020999989,-0.16433334,40.676163,-73.92136,-0.011633334,-0.010166649,-0.008999978,-1.0487195,0.07863588,1489369578296
62,-0.9676666,0.018000036,-0.16366668,40.676163,-73.92136,-0.009499935,-0.004866676,-0.0057333373,-1.0154546,0.076469235,1489369578363
63,-0.975,0.006,-0.149,40.676163,-73.92136,-0.0116,-0.0041,-0.0097,-0.98218966,0.07430258,1489369578430
64,-0.9713334,0.008333301,-0.13466662,40.676163,-73.92136,-0.011333329,-0.0041333595,-0.0014666711,-0.94892466,0.072135925,1489369578496
65,-0.9656667,0.011,-0.13299999,40.676163,-73.92136,-0.011399969,-0.0020667054,0.0034666455,-0.9156597,0.06996928,1489369578563
66,-0.971,0.023,-0.139,40.676163,-73.92136,-0.0074,-0.0116,-0.0043,-0.88239473,0.06780262,1489369578630
67,-0.97166675,0.022999987,-0.1433333,40.676163,-73.92136,-0.012033299,0.0018333289,-0.0021666796,-0.84912974,0.065635964,1489369578696
68,-0.97200006,0.010666687,-0.14366664,40.676163,-73.92136,-0.0106,3.3294677e-05,0.0005666235,-0.81586486,0.06346932,1489369578763
69,-0.979,0.012,-0.148,40.676163,-73.92136,-0.0084,-0.0063,-0.0086,-0.7825998,0.061302666,1489369578830
70,-0.96800005,0.020666566,-0.14433332,40.676163,-73.92136,-0.014133299,-0.008399909,-0.008666653,-0.7493348,0.059136014,1489369578896
71,-0.97733337,0.011000024,-0.14666668,40.676163,-73.92136,-0.013066619,-0.004133334,-0.0076000257,-0.71606994,0.056969367,1489369578963
72,-0.977,0.031,-0.161,40.676163,-73.92137,-0.0105,-0.0063,-0.0118,-0.689999,0.055156186,1489369579030
73,-0.982,0.020666676,-0.15633334,40.676163,-73.92137,-0.010166663,-0.006333295,-0.011466649,-0.6727208,0.053775016,1489369579096
74,-0.9736667,0.013000012,-0.1533333,40.676163,-73.92137,-0.010899953,-0.007300013,-0.007933337,-0.65544254,0.05239386,1489369579163
75,-0.986,0.022,-0.151,40.676163,-73.92137,-0.0106,-0.0126,-0.0076,-0.63816434,0.051012695,1489369579230
76,-0.971,0.012666675,-0.15566662,40.676163,-73.92137,-0.011733346,-0.017966602,-0.005066649,-0.6208861,0.049631532,1489369579296
77,-0.9696668,0.0066666626,-0.15133329,40.676163,-73.92137,-0.008933298,-0.012666641,-0.00046668336,-0.60360795,0.048250377,1489369579363
78,-0.985,0.013,-0.148,40.676163,-73.92137,-0.0042,-0.0063,-0.0032,-0.5863297,0.04686921,1489369579430
79,-0.96500003,0.0066666994,-0.15333328,40.676163,-73.92137,-0.0046333508,-0.0041333595,0.0030999866,-0.56905144,0.045488045,1489369579496
80,-0.96166676,0.010666699,-0.15433328,40.676163,-73.92137,-0.0056000305,0.0010666797,-0.0013999915,-0.55177325,0.044106886,1489369579563
81,-0.974,0.009,-0.145,40.676163,-73.92137,-0.0127,0.0032,-0.0065,-0.534495,0.042725723,1489369579630
82,-0.97400004,0.012333337,-0.1543333,40.676163,-73.92137,-0.0073000393,0.0063999486,-0.0092333555,-0.5172168,0.04134456,1489369579696
83,-0.98214996,0.016599951,-0.14171666,40.676163,-73.92137,-0.00720668,-0.0014733545,-0.0069016884,-0.4999386,0.0399634,1489369579763
84,-0.97665,0.01405,-0.1251,40.676163,-73.92137,-0.010645,-0.0105,-5e-05,-0.48266038,0.038582236,1489369579830
85,-0.9807166,0.008316638,-0.09691669,40.676163,-73.92137,-0.008243342,-0.012405009,-0.0041733203,-0.46538213,0.037201073,1489369579896
86,-0.9727333,0.003016638,-0.08598336,40.676163,-73.92137,-0.009195008,-0.011764986,0.005483337,-0.44810396,0.035819914,1489369579963
87,-0.96365,0.0003,-0.0779,40.676163,-73.92137,-0.0074,0.001785,-0.001365,-0.44577804,0.03563399,1489369580030
88,-0.9807833,0.0073833372,-0.07830002,40.676163,-73.92137,-0.008016663,-0.0017233081,-0.0052349865,-0.46172717,0.036908906,1489369580096
89,-0.9828833,0.01,-0.0782667,40.676163,-73.92137,-0.008804992,-0.0005765845,-0.0119682895,-0.47767627,0.038183823,1489369580163
90,-0.9888,0.0008,-0.08195,40.676163,-73.92137,-0.010705,0.002515,-0.00457,-0.4936254,0.03945874,1489369580230
91,-0.99143344,0.013533349,-0.088,40.676163,-73.92137,-0.0099899825,-0.0018633765,-0.0062050084,-0.50957453,0.04073366,1489369580296
92,-0.9851167,0.003400049,-0.09044997,40.676163,-73.92137,-0.009793321,-0.005798312,0.0046049915,-0.52552366,0.04200858,1489369580363
93,-0.98185,0.00865,-0.0805,40.676163,-73.92137,-0.012535,0.00015,0.004155,-0.5414728,0.0432835,1489369580430
94,-0.96590006,0.0018499878,-0.08403323,40.676163,-73.92137,-0.008331688,0.007441632,-0.0020017102,-0.5574219,0.04455842,1489369580496
95,-0.9757,0.0077166627,-0.08074994,40.676163,-73.92137,-0.009783338,0.002801615,-0.0072133592,-0.57337105,0.045833338,1489369580563
96,-0.9838,0.0139,-0.07505,40.676163,-73.92137,-0.01254,-0.014005,-0.012575,-0.5893202,0.047108255,1489369580630
97,-0.98239994,0.012399951,-0.07421671,40.676163,-73.92137,-0.010148351,-0.008783338,-0.001011654,-0.6052693,0.04838318,1489369580696
98,-0.9836166,0.006299976,-0.06755003,40.676163,-73.92137,-0.0085,-0.0063,-0.0026766576,-0.6212184,0.049658094,1489369580763
99,-0.96045,-0.00065,-0.0803,40.676163,-73.92137,-0.002425,0.004045,-0.001325,-0.6371676,0.05093301,1489369580830
100,-0.98361665,-8.331299e-05,-0.074050084,40.676163,-73.92137,-0.0076699485,0.0076399217,-0.014636696,-0.6531167,0.052207936,1489369580896
101,-0.98515,0.0064333254,-0.07525006,40.676163,-73.92137,-0.007730022,-0.0034649132,-0.012279961,-0.6690657,0.05348285,1489369580963
102,-0.98395,0.01425,-0.06435,40.676163,-73.92138,-0.01039,-0.000685,0.001735,-0.6897996,0.05514025,1489369581030
103,-0.97250015,0.0,-0.06324994,40.676163,-73.92138,-0.011339995,-0.0021066456,0.0048466404,-0.71638155,0.057265114,1489369581096
104,-0.97498333,0.0051167114,-0.07704991,40.676163,-73.92138,-0.010409983,0.0078932475,-0.0034183508,-0.7429634,0.059389975,1489369581163
105,-0.9861,0.0121,-0.0733,40.676163,-73.92138,-0.00956,0.005035,-0.01484,-0.7695453,0.061514843,1489369581230
106,-0.99178326,0.011766675,-0.07968336,40.676163,-73.92138,-0.002668385,0.0031866112,-0.008635036,-0.7961272,0.06363971,1489369581296
107,-0.99418324,0.00886665,-0.07640005,40.676163,-73.92138,-0.0084,-0.0017166625,-0.007811671,-0.822709,0.065764576,1489369581363
108,-0.976,0.0031,-0.0801,40.676163,-73.92138,-0.01545,-0.00909,0.0049,-0.8492909,0.06788944,1489369581430
109,-0.97659993,0.00023328858,-0.06980007,40.676163,-73.92138,-0.00936335,-0.010773225,0.004256727,-0.87587285,0.07001431,1489369581496
110,-0.9712666,0.0075999754,-0.07280005,40.676163,-73.92138,-0.009603278,-0.004476654,0.00080670166,-0.9024547,0.072139174,1489369581563
111,-0.957,0.0076,-0.0904,40.676163,-73.92138,-0.00568,0.00958,0.00522,-0.9290365,0.074264035,1489369581630
112,-0.9803666,0.016600024,-0.07996676,40.676163,-73.92138,-0.0051933643,-0.0077632167,-0.0147032505,-0.9556185,0.0763889,1489369581696
113,-0.9947,0.0114666745,-0.083233334,40.676163,-73.92138,-0.0069466797,-0.023493225,-0.02184997,-0.98220026,0.078513764,1489369581763
114,-1.0013,0.0078,-0.074,40.676163,-73.92138,-0.00406,-0.01453,-0.00379,-1.0087821,0.080638625,1489369581830
115,-0.9697001,0.007166687,-0.07833325,40.676163,-73.92138,-0.0068900036,-0.0008666748,0.0044299522,-1.0353642,0.0827635,1489369581896
116,-0.9651334,0.0021000367,-0.08779993,40.676163,-73.92138,-0.007023346,0.005539966,-0.004363373,-1.0619459,0.084888354,1489369581963
117,-0.9797,0.0,-0.0734,40.676163,-73.921394,-0.01529,0.00272,-0.01289,-1.0876307,0.08694152,1489369582030
118,-0.9828665,-0.0016999878,-0.075699985,40.676163,-73.921394,-0.013216632,-0.0023933765,-0.011183307,-1.1122189,0.08890701,1489369582096
119,-0.98976666,0.008,-0.07820007,40.676163,-73.921394,-0.01209336,-0.015053321,-0.0072700134,-1.1368072,0.09087251,1489369582163
120,-0.9769,0.0084,-0.09,40.676163,-73.921394,-0.01394,-0.00994,-0.00293,-1.1613953,0.092838004,1489369582230
121,-0.98326653,0.014533301,-0.07796676,40.676163,-73.921394,-0.0087900525,-0.007356666,0.0027766833,-1.1859837,0.09480351,1489369582296
122,-0.97133327,0.021299988,-0.07550006,40.676163,-73.921394,-0.0049866457,0.0019833678,-0.008833264,-1.2105718,0.096769005,1489369582363
123,-0.982,0.0069,-0.0846,40.676163,-73.921394,0.00071,-0.01446,-0.02012,-1.2351601,0.09873451,1489369582430
124,-0.9871667,0.0004333374,-0.08873335,40.676163,-73.921394,-0.009163351,-0.007260039,-0.01428668,-1.2597485,0.10070002,1489369582496
125,-0.996,-0.0023666383,-0.093899965,40.676163,-73.921394,-0.016269952,-0.012229901,-0.016623285,-1.2843366,0.102665514,1489369582563
126,-0.9945,0.0043,-0.0668,40.676163,-73.921394,-0.00724,-0.00057,0.00057,-1.3089248,0.10463101,1489369582630
127,-0.97550005,0.0030667237,-0.07426653,40.676163,-73.921394,-0.012326702,-0.019999938,0.0056267017,-1.3335131,0.106596515,1489369582696
128,-0.96650004,0.01819995,-0.08329999,40.676163,-73.921394,-0.011916632,-0.009210053,0.0039633117,-1.3581014,0.10856201,1489369582763
129,-0.9931,0.02,-0.0647,40.676163,-73.921394,-0.01081,-0.01089,-0.00785,-1.3826895,0.110527515,1489369582830
130,-0.9907666,0.004666626,-0.052699987,40.676163,-73.921394,-0.00807336,-0.021723269,-0.0099866185,-1.4072778,0.112493016,1489369582896
131,-0.9793001,-0.008366638,-0.049333375,40.676163,-73.921394,-0.009809931,-0.018396636,-0.013506714,-1.4318659,0.11445851,1489369582963
132,-0.96863157,-0.005631579,-0.046210527,40.676163,-73.92141,-0.0051210527,-0.009473684,-0.0069526318,-1.4725667,0.118147805,1489369583030
133,-0.9859168,-0.0005166626,-0.030033326,40.676163,-73.92141,-0.00882503,-0.0012517394,-0.006268378,-1.5329607,0.12394395,1489369583096
134,-0.9894832,0.005083313,-0.023166627,40.676163,-73.92141,-0.0031833863,0.017146645,-0.00419162,-1.5933545,0.12974007,1489369583163
135,-0.98045,-0.0131,-0.00385,40.676163,-73.92141,-0.01871,0.031285,0.014935,-1.6537483,0.13553622,1489369583230
136,-0.97616684,-0.011600098,-0.015266602,40.676163,-73.92141,-0.024428241,0.023070129,0.0191883,-1.7141423,0.14133236,1489369583296
137,-0.9633834,0.00031678466,-0.017850086,40.676163,-73.92141,-0.0361899,0.013333008,0.023486484,-1.7745361,0.1471285,1489369583363
138,-0.97,0.0184,-0.0253,40.676163,-73.92141,-0.02607,-0.03111,-0.00555,-1.83493,0.15292464,1489369583430
139,-0.97629994,0.00888324,-0.034716614,40.676163,-73.92141,-0.010258429,-0.024851544,-0.012806567,-1.895324,0.15872079,1489369583496
140,-1.0129,0.016416565,-0.03734996,40.676163,-73.92141,0.0010433765,-0.031113174,-0.028111601,-1.9557178,0.16451693,1489369583563
141,-0.9937,-0.00915,-0.0343,40.676163,-73.92141,0.00604,0.005115,-0.01178,-2.0161116,0.17031306,1489369583630
142,-0.9822167,-0.0002164917,-0.021366822,40.676163,-73.92141,0.006811749,0.006018268,-0.013395087,-2.0765057,0.17610921,1489369583696
143,-0.97620004,-0.024699926,-0.026083313,40.676163,-73.92141,-0.0073984023,0.0037698706,0.0033665528,-2.1368992,0.18190533,1489369583763
144,-0.9779,-0.00605,-0.0279,40.676163,-73.92141,-0.02047,-0.03273,-0.004285,-2.1972933,0.1877015,1489369583830
145,-0.9916833,-0.015833374,-0.031966675,40.676163,-73.92141,0.00037995607,-0.027133472,-0.03164999,-2.2576873,0.19349764,1489369583896
146,-0.98733324,-0.038033422,-0.027499879,40.676163,-73.92141,0.0022382897,0.015696779,0.014421749,-2.318081,0.19929376,1489369583963
147,-0.9761,-0.0028,-0.0215,40.676167,-73.92143,-0.005775,0.01825,0.025945,-2.3784971,0.20482391,1489369584030
148,-0.99251664,0.030450013,-0.04538336,40.676167,-73.92143,-0.011873315,0.0044601075,0.010016663,-2.43894,0.21002895,1489369584096
149,-0.99398327,0.024650037,-0.022816662,40.676167,-73.92143,-0.0021016712,-0.0017883509,-0.018429983,-2.499383,0.21523398,1489369584163
150,-0.9748,-0.00035,-0.02565,40.676167,-73.92143,-0.00616,0.00305,-0.00835,-2.559826,0.22043902,1489369584230
151,-0.98635006,0.001416687,-0.0072500613,40.676167,-73.92143,-0.00932165,0.014474969,-0.020655047,-2.6202688,0.22564405,1489369584296
152,-1.0038334,0.0005500122,-0.029100025,40.676167,-73.92143,-0.013791644,-0.0051350696,-0.012725092,-2.6807117,0.23084909,1489369584363
153,-1.0139,-0.00945,-0.0516,40.676167,-73.92143,-0.00923,0.008505,-0.009615,-2.7411547,0.23605415,1489369584430
154,-0.99909997,0.0019000244,-0.037616637,40.676167,-73.92143,-0.004570056,-0.015958307,-0.0059866454,-2.801598,0.24125919,1489369584496
155,-0.96428335,-0.014283362,-0.023333251,40.676167,-73.92143,0.0065666013,0.0050082826,0.0054550255,-2.8620408,0.24646422,1489369584563
156,-1.0016,-0.0093,-0.01315,40.676167,-73.92143,-0.0058315787,-0.013710527,-0.011194737,-2.9224837,0.25166926,1489369584630
157,-0.97573334,0.0106667485,-0.014999939,40.676167,-73.92143,-0.023473252,-0.022833357,0.009699988,-2.9829268,0.25687432,1489369584696
158,-0.9826,-0.004999878,-0.008,40.676167,-73.92143,-0.021119962,-0.004686654,0.0006533594,-3.0433695,0.26207933,1489369584763
159,-0.9688,-0.009,-0.023,40.676167,-73.92143,-0.00584,0.01216,-0.00378,-3.1038127,0.26728436,1489369584830
160,-0.9713999,-0.06879997,-0.0067333006,40.676167,-73.92143,-0.0063533336,-0.004320082,-0.0004266455,-3.1642556,0.2724894,1489369584896
161,-0.98946655,0.010599927,0.0039333007,40.676167,-73.92143,-0.032179996,-0.0057066884,0.025773382,-3.2246985,0.27769443,1489369584963
162,-1.002,0.0246,-0.0112,40.676167,-73.92146,-0.02188,0.00802,-0.00314,-3.2851415,0.2828995,1489369585030
163,-0.9922666,0.02913335,-0.025133349,40.676167,-73.92146,-0.012673372,-0.02306651,0.0028001037,-3.3455844,0.2881045,1489369585096
164,-0.9782001,0.028133398,-0.028466651,40.676167,-73.92146,-0.018693252,-0.028513364,-0.0055733323,-3.4060273,0.29330954,1489369585163
165,-1.0102,0.0076,-0.0096,40.676167,-73.92146,-0.02802,-0.06256,-0.02048,-3.4664705,0.29851457,1489369585230
166,-0.98459995,0.020666625,-0.021200024,40.676167,-73.92146,-0.01886016,-0.0071666567,-0.010560032,-3.5269134,0.30371964,1489369585296
167,-1.0001999,-0.021666687,-0.044666503,40.676167,-73.92146,-0.0027532557,0.013213315,0.004653347,-3.5873563,0.30892467,1489369585363
168,-0.9944,-0.0214,-0.0396,40.676167,-73.92146,-0.01116,-0.0096,0.02548,-3.6477993,0.3141297,1489369585430
169,-0.9892,-0.019933265,-0.035799913,40.676167,-73.92146,-0.00729329,-0.007673312,0.020153334,-3.7082424,0.31933475,1489369585496
170,-0.97840005,0.017533228,-0.009933362,40.676167,-73.92146,-0.0048733815,-0.017873393,0.008486636,-3.7686853,0.32453975,1489369585563
171,-0.9764,0.0044,-0.0328,40.676167,-73.92146,-0.01618,-0.0073,0.0019,-3.829128,0.32974482,1489369585630
172,-0.97686684,0.03760001,-0.018066492,40.676167,-73.92146,-0.021279974,-0.014186671,0.012886579,-3.8895712,0.33494985,1489369585696
173,-0.96800005,-0.0025998047,-0.01739989,40.676167,-73.92146,-0.019440014,0.006919949,-0.012339983,-3.950014,0.34015486,1489369585763
174,-0.9766,-0.0114,-0.0496,40.676167,-73.92146,-0.02088,0.00018,-0.02026,-4.010457,0.34535992,1489369585830
175,-0.97906667,-0.0041332887,-0.05773336,40.676167,-73.92146,-0.009899957,-0.00030023803,-0.03260006,-4.0709,0.35056496,1489369585896
176,-1.0014666,0.017666627,-0.093199976,40.676167,-73.92146,-0.014179978,-0.0043399096,-0.0056333067,-4.131343,0.35577,1489369585963
177,-1.0066,0.001,-0.0794,40.676167,-73.92152,-0.00346,-0.01376,0.00268,-4.1705647,0.35914755,1489369586030
178,-0.97486645,-0.005999939,-0.08340011,40.676167,-73.92152,-0.0051799915,-0.0040799915,-0.008406649,-4.1838484,0.3602915,1489369586096
179,-0.9842,-0.018733386,-0.072000064,40.676167,-73.92152,-0.0033868006,0.0070333863,0.0033066699,-4.197133,0.36143547,1489369586163
180,-0.9596,0.0082,-0.0984,40.676167,-73.92152,-0.0105,-0.0018,0.00286,-4.210417,0.36257944,1489369586230
181,-0.9994999,0.02700005,-0.100166626,40.676167,-73.92152,-0.00014160278,-0.018733442,-0.022899995,-4.223701,0.3637234,1489369586296
182,-0.9740834,0.01691671,-0.12958321,40.676167,-73.92152,0.0022249573,-0.018816546,-0.0049499827,-4.236985,0.3648674,1489369586363
183,-0.9665,0.0225,-0.1325,40.67617,-73.92152,-0.001925,0.00505,-0.016275,-4.2502694,0.36601132,1489369586430
184,-0.9629999,0.0036666505,-0.12450007,40.67617,-73.92152,-0.014225092,-0.008133242,0.0055584023,-4.2635536,0.3671553,1489369586496
185,-0.9804167,0.0017498902,-0.124749936,40.67617,-73.92152,-0.0036666407,-0.01808323,-0.0115249865,-4.2768383,0.36829925,1489369586563
186,-0.983,0.02,-0.0945,40.67617,-73.92152,0.001025,0.02125,-0.0098,-4.290122,0.36944324,1489369586630
187,-0.9819168,0.01624994,-0.10916663,40.67617,-73.92152,0.003066714,0.029624969,-0.031375024,-4.3034062,0.3705872,1489369586696
188,-0.9795834,0.02533335,-0.100416735,40.67617,-73.92152,-0.01237493,0.0016332031,-0.0030584289,-4.3166904,0.37173116,1489369586763
189,-0.95875,0.02025,-0.109,40.67617,-73.92152,-0.01655,-0.034175,-0.008225,-4.3299747,0.37287512,1489369586830
190,-0.99433315,-0.016916785,-0.12016658,40.67617,-73.92152,-0.031741798,-0.03756667,0.009566787,-4.343259,0.3740191,1489369586896
191,-0.9916667,-0.0048331786,-0.13608333,40.67617,-73.92152,-0.020166578,0.002925138,-0.024416497,-4.356543,0.37516305,1489369586963
192,-0.9795,0.0135,-0.09825,40.67617,-73.92157,-0.008025,-0.026525,-0.00925,-4.365869,0.37678835,1489369587030
193,-0.99025005,0.016583387,-0.1006667,40.67617,-73.92157,-0.0010248963,-0.021066763,-0.012850051,-4.370356,0.37900183,1489369587096
194,-0.99375,0.009583411,-0.11191666,40.67617,-73.92157,-0.015849978,-0.02246668,0.020483304,-4.374844,0.38121533,1489369587163
195,-0.955,0.00975,-0.101,40.67617,-73.92157,-0.0211,0.00255,0.007025,-4.3793316,0.38342884,1489369587230
196,-0.96516687,0.0066666994,-0.1146667,40.676174,-73.92157,0.0014167407,0.032191526,-0.024733476,-4.3838196,0.38564235,1489369587296
197,-0.9900832,-0.014916565,-0.11258331,40.676174,-73.92157,-0.004500083,0.037816588,-0.010791676,-4.388307,0.38785586,1489369587363
198,-0.9735,0.006,-0.10525,40.676174,-73.92157,-0.002525,0.0085,-0.007425,-4.392795,0.39006937,1489369587430
199,-1.0125,-0.0039998535,-0.12124999,40.676174,-73.92157,-0.0007166284,-0.016616702,-0.015049978,-4.3972826,0.3922829,1489369587496
200,-0.9770833,0.026916662,-0.10408339,40.676174,-73.92157,0.005724957,-0.014791554,-0.03036664,-4.4017706,0.39449638,1489369587563
201,-0.9685,0.0305,-0.09925,40.676174,-73.92157,-0.000225,-0.005025,-0.0296,-4.406258,0.3967099,1489369587630
202,-0.9732501,0.024499975,-0.137,40.676174,-73.92157,-0.0032083802,0.0034666846,-0.03765837,-4.4107456,0.3989234,1489369587696
203,-1.0126666,-0.014166724,-0.13266669,40.676174,-73.92157,-0.008024987,-0.02685835,-0.030800039,-4.4152336,0.4011369,1489369587763
204,-0.946,-0.09,-0.1025,40.676178,-73.92157,0.01335,0.019575,0.00525,-4.419721,0.40335038,1489369587830
205,-0.93716687,-0.032416515,-0.10208336,40.676178,-73.92157,0.0036334423,0.021416726,0.024833292,-4.4242086,0.40556392,1489369587896
206,-0.95816666,0.0020333375,-0.13420002,40.676178,-73.92157,-0.0067901695,0.031559825,0.023056613,-4.428696,0.40777743,1489369587963
207,-0.9721,0.02,-0.141,40.676178,-73.92162,-0.013,0.0025,0.00476,-4.428997,0.4096045,1489369588030
208,-0.9783,0.011033288,-0.14626667,40.676178,-73.92162,-0.02122668,-0.0048665283,0.0035333985,-4.42418,0.41095912,1489369588096
209,-0.9843,0.0152000245,-0.1528332,40.676178,-73.92162,-0.011289975,0.0035199048,-0.012970009,-4.419363,0.41231385,1489369588163
210,-0.9749,-0.0174,-0.1214,40.676178,-73.92162,-0.00437,-0.0106,0.00145,-4.414546,0.4136685,1489369588230
211,-0.95019996,0.0006000488,-0.105833314,40.676178,-73.92162,-0.0061332765,-0.0016399707,0.0018232776,-4.409729,0.41502318,1489369588296
212,-0.95163316,0.017166564,-0.09316657,40.676178,-73.92162,-0.004296715,0.009966724,-0.0197666,-4.404912,0.4163779,1489369588363
213,-0.9817,0.0073,-0.1347,40.67618,-73.92162,-0.00055,0.04734,-0.02471,-4.400095,0.41773254,1489369588430
214,-1.0126333,-0.02033313,-0.1699333,40.67618,-73.92162,-0.011286684,-0.005356688,0.006456688,-4.395278,0.41908726,1489369588496
215,-1.0025333,-0.023666626,-0.11210001,40.67618,-73.92162,-0.0037067407,0.0034632434,-0.0011166809,-4.390461,0.42044193,1489369588563
216,-0.9645,-0.0018,-0.1009,40.67618,-73.92162,-0.00247,-0.00354,0.00846,-4.385644,0.42179662,1489369588630
217,-0.96993345,-0.005266797,-0.13440007,40.67618,-73.92162,0.0029167053,-0.0018499573,-0.008683307,-4.380827,0.42315128,1489369588696
218,-0.99410003,-0.02736659,-0.13256674,40.67618,-73.92162,-0.02118664,-0.0050666626,0.010189975,-4.37601,0.42450595,1489369588763
219,-1.0054,-0.0242,-0.1387,40.67618,-73.92162,-0.01918,0.00117,0.00815,-4.3711925,0.42586064,1489369588830
220,-0.9536332,-0.015900012,-0.13290001,40.67618,-73.92162,-0.013163272,0.0011532983,0.025233325,-4.3663754,0.42721534,1489369588896
221,-0.9059333,0.007166687,-0.095566735,40.67618,-73.92162,-0.014233338,-0.000110025634,0.029619979,-4.3615584,0.42857,1489369588963
222,-0.9214,0.1018,-0.0894,40.67618,-73.92167,-0.01251,-0.00214,-0.04016,-4.3565207,0.42907986,1489369589030
223,-0.9949332,0.014199854,-0.14850019,40.676186,-73.92167,-0.004523546,0.009686526,-0.06848999,-4.351213,0.42855707,1489369589096
224,-1.0624665,-0.073166564,-0.17056662,40.676186,-73.92167,0.0032300646,0.04743341,-0.030399952,-4.3459053,0.42803434,1489369589163
225,-1.0505,-0.105,-0.2273,40.676186,-73.92167,-0.01569,0.01789,0.02513,-4.3405976,0.42751157,1489369589230
226,-1.0229,-0.0013331298,-0.16539983,40.676186,-73.92167,-0.02440328,-0.014496597,0.043149956,-4.33529,0.42698884,1489369589296
227,-0.97966653,0.057666626,-0.07126682,40.676186,-73.92167,-0.0012200269,-0.029583307,-0.011163255,-4.3299828,0.42646608,1489369589363
228,-0.9337,0.0519,-0.0754,40.676186,-73.92167,0.00289,-0.00361,0.00363,-4.3246746,0.42594332,1489369589430
229,-0.9466999,0.027700037,-0.09546677,40.676186,-73.92167,-0.0032666626,0.0028267528,-0.024333276,-4.3193674,0.42542055,1489369589496
230,-0.9454999,-0.012900025,-0.1033999,40.676186,-73.92167,0.0011517273,-0.009333398,-0.0371334,-4.3140597,0.4248978,1489369589563
231,-0.937,-0.00165,-0.10935,40.676186,-73.92167,0.003925,-0.01025,-0.02365,-4.308752,0.42437503,1489369589630
232,-0.9488002,-0.007216638,-0.0885333,40.676186,-73.92167,-0.004971627,-0.017563382,-0.02458507,-4.3034444,0.42385226,1489369589696
233,-1.0091333,-0.05406665,-0.0792666,40.676186,-73.92167,-0.008526635,-0.020418257,-0.018211689,-4.2981367,0.4233295,1489369589763
234,-1.0478,-0.05185,-0.1095,40.676186,-73.92167,-0.01471,-0.004995,0.00445,-4.292829,0.42280674,1489369589830
235,-1.0504833,-0.049166627,-0.10448329,40.676186,-73.92167,-0.02261171,0.00011673584,0.040578384,-4.2875214,0.42228398,1489369589896
236,-0.9684335,0.03061676,-0.0692666,40.676186,-73.92167,-0.017240038,0.012898333,0.039454985,-4.2822137,0.4217612,1489369589963
237,-0.91175,0.03625,-0.0849,40.67619,-73.92172,-0.01603,0.018455,0.039465,-4.283755,0.4186283,1489369590030
238,-0.9197668,0.050199803,-0.079416685,40.67619,-73.92172,-0.017601684,0.021316735,-0.00841171,-4.2936664,0.41230518,1489369590096
239,-0.97083336,0.0428667,-0.079,40.67619,-73.92172,-0.0036,0.017016662,-0.04378167,-4.3035784,0.40598205,1489369590163
240,-1.00515,-0.02405,-0.11425,40.67619,-73.92172,0.008365,0.01838,-0.051185,-4.3134894,0.39965886,1489369590230
241,-1.0259,-0.100383505,-0.12525006,40.67619,-73.92172,0.016440107,0.0073649427,-0.028503293,-4.3234015,0.39333576,1489369590296
242,-0.9872499,-0.08955011,-0.13263342,40.676193,-73.92172,0.007349939,-0.022028424,0.015046631,-4.333313,0.38701266,1489369590363
243,-0.93555,-0.00555,-0.0568,40.676193,-73.92172,0.003955,-0.016605,0.003385,-4.3432245,0.38068947,1489369590430
244,-0.92488337,0.007933155,-0.03378336,40.676193,-73.92172,0.02709839,0.031203488,-0.0404383,-4.3531365,0.37436634,1489369590496
245,-0.9521,-0.029733399,-0.097099975,40.676193,-73.92172,0.03311507,0.06104842,-0.0028816224,-4.363048,0.3680432,1489369590563
246,-0.966,-0.09885,-0.1335,40.676193,-73.92172,0.03763,0.032125,-0.010865,-4.3729596,0.3617201,1489369590630
247,-1.0237168,-0.022633081,-0.15351671,40.676197,-73.92172,0.036983337,-0.009238424,-0.007328373,-4.3828716,0.35539693,1489369590696
248,-1.0196499,-0.05351654,-0.16830017,40.676197,-73.92172,0.07100012,-0.03672502,-0.019545037,-4.392783,0.3490738,1489369590763
249,-0.99385,-0.06205,-0.1057,40.676197,-73.92172,0.046,-0.05959,0.03007,-4.4026947,0.34275067,1489369590830
250,-0.9921332,-0.050649915,-0.10078336,40.676197,-73.92172,0.03772503,-0.023188217,0.025766723,-4.4126062,0.3364275,1489369590896
251,-0.9711999,-0.047583435,-0.10806665,40.676197,-73.92172,0.031418327,0.004018329,0.04834668,-4.4225183,0.3301044,1489369590963
252,-0.9357,-0.0011,-0.09345,40.676197,-73.92177,0.030915,0.005385,0.049,-4.434607,0.31426013,1489369591030
253,-0.9134001,0.041516468,-0.10538326,40.676197,-73.92177,0.05298834,-0.015324836,-0.010896658,-4.449356,0.28677887,1489369591096
254,-0.94286674,-0.01146676,-0.097866796,40.6762,-73.92177,0.047280025,-0.02970003,0.005313351,-4.4641056,0.25929776,1489369591163
255,-1.0058,-0.0472,-0.1124,40.6762,-73.92177,0.05498,-0.035,-0.03442,-4.478855,0.23181652,1489369591230
256,-1.0548668,-0.10733338,-0.09233319,40.6762,-73.92177,0.060226757,-0.030826611,-0.025053302,-4.4936047,0.2043353,1489369591296
257,-1.0422002,-0.17719999,-0.090133265,40.6762,-73.92177,0.08760664,-0.004293242,0.021066602,-4.5083547,0.17685418,1489369591363
258,-0.9864,-0.1766,-0.109,40.6762,-73.92177,0.08096,-0.00022,0.04646,-4.5231037,0.14937294,1489369591430
259,-0.97466683,-0.10853332,-0.10339996,40.6762,-73.92177,0.08844671,0.008686524,0.041779913,-4.5378532,0.12189172,1489369591496
260,-0.9084667,-0.10566687,-0.07073341,40.6762,-73.92177,0.08766654,0.030086802,0.08183341,-4.552603,0.094410576,1489369591563
261,-0.9166,-0.0078,-0.0806,40.6762,-73.92177,0.11794,0.04156,0.04154,-4.5673523,0.066929355,1489369591630
262,-0.97906685,-0.04473346,-0.14906678,40.6762,-73.92177,0.12961334,0.029093359,0.0119,-4.582102,0.039448116,1489369591696
263,-0.96726656,-0.056600023,-0.09773329,40.6762,-73.92177,0.12101989,0.008060027,0.012566748,-4.5968513,0.011966988,1489369591763
264,-1.0388,-0.1438,-0.128,40.6762,-73.92177,0.1458,-0.00252,-0.00768,-4.611601,-0.01551424,1489369591830
265,-1.0295331,-0.123933226,-0.1318667,40.6762,-73.92177,0.17104001,0.012606745,0.021366723,-4.6263504,-0.04299547,1489369591896
266,-0.9681333,-0.1800666,-0.1298,40.6762,-73.92177,0.16034661,-0.021766778,0.038993254,-4.6411,-0.0704766,1489369591963
267,-0.9614,-0.1198,-0.14,40.6762,-73.92182,0.16786,-0.00854,0.05532,-4.6469502,-0.119188994,1489369592030
268,-0.92359996,-0.09926672,-0.12779999,40.6762,-73.92182,0.1834932,0.00941333,0.0530733,-4.6419225,-0.19385064,1489369592096
269,-0.89419985,-0.09639998,-0.13300006,40.6762,-73.92182,0.20928663,-0.010093212,0.025226671,-4.636895,-0.268512,1489369592163
270,-0.9446,-0.0444,-0.0794,40.6762,-73.92182,0.2056,-0.01026,0.02168,-4.631867,-0.34317365,1489369592230
271,-0.9525335,-0.1373335,-0.06846668,40.6762,-73.92182,0.21544667,0.038173437,0.01841331,-4.6268396,-0.41783527,1489369592296
272,-0.97099996,-0.094333194,-0.080933094,40.6762,-73.92182,0.19109307,0.01831995,-0.010533362,-4.6218123,-0.49249667,1489369592363
273,-1.04,-0.2096,-0.17,40.6762,-73.92182,0.2216,0.0424,0.00636,-4.6167846,-0.56715834,1489369592430
274,-1.0629334,-0.092599735,-0.19973327,40.6762,-73.92182,0.21756649,0.028293377,0.035093218,-4.611757,-0.64181995,1489369592496
275,-0.9981999,-0.15679996,-0.15806666,40.6762,-73.92182,0.25386003,0.0031801295,0.039833385,-4.6067295,-0.7164813,1489369592563
276,-0.939,-0.1264,-0.1036,40.6762,-73.92182,0.24306,-0.0348,0.03756,-4.6017017,-0.79114294,1489369592630
277,-0.89066666,-0.17880017,-0.1001333,40.6762,-73.92182,0.25857326,0.0026799743,0.031613294,-4.596674,-0.8658047,1489369592696
278,-0.900733,-0.20773335,-0.13526665,40.6762,-73.92182,0.27113333,0.04148019,0.09256679,-4.5916467,-0.940466,1489369592763
279,-0.949,-0.1207,-0.12985,40.6762,-73.92182,0.24827,-0.000695,0.07248,-4.586619,-1.0151277,1489369592830
280,-0.91271657,-0.04598324,-0.14683338,40.6762,-73.92182,0.26919818,-0.010829777,0.039386712,-4.5815916,-1.0897892,1489369592896
281,-0.9782998,-0.097416446,-0.14780015,40.6762,-73.92182,0.30085987,-0.021506669,0.0036349988,-4.576564,-1.1644505,1489369592963
282,-1.06095,-0.28785,-0.13675,40.67619,-73.921875,0.27021,0.000195,0.042525,-4.546448,-1.2457197,1489369593030
283,-1.0434501,-0.24570003,-0.181,40.67619,-73.921875,0.2737349,-0.029528419,0.09629502,-4.485669,-1.3350642,1489369593096
284,-1.1372334,-0.075983755,-0.20028329,40.67619,-73.921875,0.28545976,-0.028038176,0.067860104,-4.424891,-1.4244084,1489369593163
285,-1.11115,-0.0857,-0.22745,40.67619,-73.921875,0.2941,-0.082385,0.05028,-4.364112,-1.5137532,1489369593230
286,-0.9405997,-0.09618339,-0.18503328,40.67619,-73.921875,0.2909583,-0.12129332,0.061784964,-4.3033333,-1.6030977,1489369593296
287,-0.9809003,-0.14628354,-0.08829978,40.67619,-73.921875,0.3022566,-0.18747202,0.022458257,-4.2425547,-1.692442,1489369593363
288,-0.92605,-0.08435,-0.07935,40.67619,-73.921875,0.302335,-0.11082,-0.031655,-4.1817756,-1.7817867,1489369593430
289,-0.98775005,-0.15346685,-0.107033275,40.67619,-73.921875,0.34083307,-0.094494775,-0.038584866,-4.120997,-1.8711314,1489369593496
290,-0.99064976,-0.16763303,-0.13391681,40.67619,-73.921875,0.35826004,-0.0863334,-0.008466601,-4.0602183,-1.9604757,1489369593563
291,-0.99785,-0.2357,-0.1034,40.67619,-73.921875,0.347335,-0.0883,-0.014855,-3.9994395,-2.0498202,1489369593630
292,-1.0468835,-0.30863324,-0.129333,40.67619,-73.921875,0.33654833,-0.09586019,0.07933503,-3.9386606,-2.139165,1489369593696
293,-0.9957332,-0.23310018,-0.116283536,40.67619,-73.921875,0.3533917,-0.062294856,0.1306351,-3.877882,-2.2285092,1489369593763
294,-1.02355,-0.1036,-0.0528,40.67619,-73.921875,0.372435,-0.04911,0.091525,-3.817103,-2.3178537,1489369593830
295,-0.9920333,-0.024816614,-0.070383534,40.67619,-73.921875,0.41527656,-0.008191718,0.014948141,-3.7563243,-2.4071982,1489369593896
296,-0.98121685,-0.03098302,-0.03766675,40.67619,-73.921875,0.38941166,-0.036043417,-0.014571671,-3.6955454,-2.4965427,1489369593963
297,-0.9036,-0.1708,-0.02515,40.676163,-73.92192,0.413935,0.011405,-0.05016,-3.625976,-2.59231,1489369594030
298,-0.9298001,-0.18631649,-0.041733544,40.676163,-73.92192,0.42837003,0.038108308,-0.06320175,-3.5456622,-2.6959276,1489369594096
299,-0.9798833,-0.17951685,-0.049650013,40.676163,-73.92192,0.4343433,0.052941695,-0.07613992,-3.4653487,-2.7995446,1489369594163
300,-0.983,-0.2604,-0.02445,40.676163,-73.92192,0.439555,0.024745,-0.09955,-3.3850348,-2.9031622,1489369594230
301,-1.0344833,-0.2938001,-0.07111659,40.676163,-73.92192,0.4262118,0.03834003,-0.022883289,-3.304721,-3.0067797,1489369594296
302,-1.0544666,-0.3332001,-0.12371671,40.676163,-73.92192,0.4043166,0.021695053,0.026388286,-3.2244077,-3.1103969,1489369594363
303,-1.0026315,-0.24057895,-0.078947365,40.676163,-73.92192,0.41517368,-0.01771579,0.048210528,-3.1440938,-3.2140145,1489369594430
304,-0.92583317,-0.15633318,-0.042333376,40.676163,-73.92192,0.4144334,-0.04033342,0.03613324,-3.0637798,-3.317632,1489369594496
305,-0.9433333,-0.21816666,-0.04816654,40.676163,-73.92192,0.42788333,-0.01760015,0.049533337,-2.9834666,-3.4212494,1489369594563
306,-0.9265,-0.1145,-0.0395,40.676163,-73.92192,0.43735,-0.04205,-0.0111,-2.9031525,-3.5248666,1489369594630
307,-0.92333317,-0.14449987,0.010000098,40.676163,-73.92192,0.42041668,-0.027816672,-8.3294675e-05,-2.8228388,-3.6284842,1489369594696
308,-0.9565001,-0.118999705,0.0019999512,40.676163,-73.92192,0.42989993,-0.0016000513,-0.07540005,-2.742525,-3.7321012,1489369594763
309,-0.9685,-0.179,-0.015,40.676163,-73.92192,0.40265,0.0125,-0.0305,-2.6622114,-3.8357186,1489369594830
310,-0.9911665,-0.20066662,-0.04350018,40.676163,-73.92192,0.36524996,0.037799753,-0.015933407,-2.5818975,-3.9393365,1489369594896
311,-1.0056667,-0.105,-0.042666674,40.676163,-73.92192,0.3352168,0.035066728,0.009133291,-2.5015838,-4.0429535,1489369594963
312,-1.0,-0.1475,-0.0585,40.67613,-73.92195,0.3058,0.01555,0.0391,-2.4242945,-4.127257,1489369595030
313,-0.95216644,-0.06833301,-0.033333495,40.67613,-73.92195,0.25616673,0.02889984,0.07863322,-2.3507018,-4.187954,1489369595096
314,-0.9368333,-0.02266665,-0.027,40.67613,-73.92195,0.2438667,0.019383406,0.032316715,-2.2771094,-4.2486506,1489369595163
315,-0.942,-0.016,-0.0355,40.67613,-73.92195,0.23365,0.00595,0.0032,-2.2035165,-4.3093476,1489369595230
316,-0.99383336,-0.033500038,-0.016999926,40.67613,-73.92195,0.22521657,-0.014899995,-0.049266666,-2.1299238,-4.3700447,1489369595296
317,-0.91633314,-0.16299993,-0.05466687,40.67613,-73.92195,0.23705007,0.010449925,-0.06638333,-2.0563314,-4.430742,1489369595363
318,-0.9775,-0.1745,-0.0375,40.67613,-73.92195,0.24325,0.0042,-0.09395,-1.9827387,-4.4914384,1489369595430
319,-1.0298334,-0.19750004,-0.03350006,40.67613,-73.92195,0.24883331,-0.036183383,-0.055049933,-1.9091461,-4.5521355,1489369595496
320,-0.962,-0.22549994,-0.03200005,40.67613,-73.92195,0.26471668,0.004816649,-0.009983368,-1.8355534,-4.6128325,1489369595563
321,-0.9365,-0.2645,-0.014,40.67613,-73.92195,0.2546,0.03025,0.00025,-1.7619607,-4.6735296,1489369595630
322,-1.034,-0.1686666,0.018833485,40.67613,-73.92195,0.22818325,-0.045783456,-0.025499932,-1.6883681,-4.7342267,1489369595696
323,-1.0485,-0.15283346,0.021833263,40.67613,-73.92195,0.22944996,-0.06296658,0.008599939,-1.6147755,-4.7949233,1489369595763
324,-0.9935,-0.12,0.0265,40.67613,-73.92195,0.2349,-0.01945,0.06665,-1.5411826,-4.8556204,1489369595830
325,-0.94516665,-0.1483333,-0.004333447,40.67613,-73.92195,0.22241662,0.044283427,0.05518329,-1.4675901,-4.916317,1489369595896
326,-1.0239998,-0.045166712,0.013666748,40.67613,-73.92195,0.1805834,-0.0016499964,-0.013849987,-1.3939976,-4.977014,1489369595963
327,-1.034,-0.013,0.01,40.676086,-73.921974,0.1606,-0.0391,0.0243,-1.3359469,-5.056741,1489369596030
328,-0.9603332,-0.08916663,-0.0022832886,40.676086,-73.921974,0.14461152,-0.00027169555,0.033269923,-1.2968923,-5.1597285,1489369596096
329,-1.0258999,-0.037266698,0.034933448,40.676086,-73.921974,0.15374663,-0.011503181,-0.06428489,-1.2578378,-5.262715,1489369596163
330,-1.0026,-0.0795,1.7347235e-18,40.676086,-73.921974,0.11207,-0.07094,-0.01245,-1.2187833,-5.3657017,1489369596230
331,-0.97034997,-0.18975043,0.07203347,40.676086,-73.921974,0.11889171,-0.05467839,0.019,-1.1797286,-5.4686885,1489369596296
332,-0.9332001,-0.10576658,0.070166625,40.676086,-73.921974,0.1377299,0.0061017494,-0.009644935,-1.1406741,-5.5716753,1489369596363
333,-1.0214,-0.1453,0.0238,40.676086,-73.921974,0.13346,0.0183,-0.058755,-1.1016195,-5.6746616,1489369596430
334,-1.0524334,-0.13481688,0.024166627,40.676086,-73.921974,0.12895659,0.02071824,-0.05177172,-1.0625648,-5.777649,1489369596496
335,-1.0194166,-0.09958343,0.023800097,40.676086,-73.921974,0.1099367,0.0060101296,0.02230673,-1.0235105,-5.8806353,1489369596563
336,-1.01545,-0.11875,0.02105,40.676086,-73.921974,0.106915,-0.00253,0.03056,-0.9844558,-5.983622,1489369596630
337,-0.9743168,-0.10591705,0.030366724,40.676086,-73.921974,0.10001007,-0.016893404,0.041058235,-0.9454012,-6.0866094,1489369596696
338,-0.9779667,-0.03076682,0.043649986,40.676086,-73.921974,0.0661332,-0.02663828,0.03234671,-0.90634674,-6.1895957,1489369596763
339,-0.9771,-0.024,0.03765,40.676086,-73.921974,0.076325,0.00118,0.008525,-0.8672921,-6.2925825,1489369596830
340,-0.99008346,-0.007750183,0.02174994,40.676086,-73.921974,0.06942833,-0.02489493,-0.011476618,-0.8282375,-6.3955693,1489369596896
341,-0.9341001,-0.06096648,0.029783338,40.676086,-73.921974,0.04753002,-0.026508503,0.021174908,-0.78918296,-6.4985557,1489369596963
342,-0.96365,-0.01805,0.05695,40.67602,-73.92199,0.023035,-0.03823,-0.00324,-0.76537895,-6.5828896,1489369597030
343,-0.9260332,-0.07288358,0.06551661,40.67602,-73.92199,0.021464953,-0.012441571,0.0034200342,-0.76021445,-6.6444235,1489369597096
344,-0.9434666,0.07235001,0.040016517,40.67602,-73.92199,0.012864999,0.0125234155,-0.007309861,-0.75505006,-6.7059574,1489369597163
345,-0.994,-0.0327,0.054,40.67602,-73.92199,0.00883,0.01966,-0.03097,-0.7498856,-6.7674923,1489369597230
346,-0.99845016,-0.043133397,0.038049962,40.67602,-73.92199,0.017821658,0.03861324,-0.033343464,-0.7447212,-6.829026,1489369597296
347,-1.004783,-0.058116347,0.019700268,40.67602,-73.92199,0.03913675,0.050915256,-0.05623498,-0.7395568,-6.890561,1489369597363
348,-1.00525,0.0016,-0.00995,40.67602,-73.92199,0.0047,0.053845,0.021845,-0.7343923,-6.952095,1489369597430
349,-0.9834666,-0.07780015,0.0016999756,40.67602,-73.92199,-0.008660078,0.022485109,0.031490058,-0.7292279,-7.01363,1489369597496
350,-0.9798666,0.012633716,0.028233178,40.67602,-73.92199,-0.0241334,-0.055359997,-0.036678333,-0.7240634,-7.075164,1489369597563
351,-1.0077,-0.0967,0.0315,40.67602,-73.92199,-0.01611,-0.010195,-0.011055,-0.7188989,-7.136698,1489369597630
352,-1.0021002,-0.099416934,0.054433424,40.67602,-73.92199,0.009526533,0.018446762,-0.023630027,-0.7137345,-7.1982327,1489369597696
353,-0.99000007,-0.07560022,0.047133546,40.67602,-73.92199,0.032419924,-0.035733245,0.018160034,-0.7085701,-7.2597666,1489369597763
354,-0.9976,-0.1046,0.0432,40.67602,-73.92199,0.02046,-0.00276,0.00018,-0.70340556,-7.3213005,1489369597830
355,-0.9942665,-0.14706703,0.072066784,40.67602,-73.92199,0.014406709,0.012959978,-0.013886588,-0.6982412,-7.3828354,1489369597896
356,-0.9550666,-0.090400144,0.05393335,40.67602,-73.92199,0.0045331116,0.018680189,0.044093475,-0.6930767,-7.4443693,1489369597963
357,-1.0054,-0.1056,0.0134,40.675957,-73.922,0.00736,0.03718,0.0224,-0.6801178,-7.50024,1489369598030
358,-1.0232005,-0.017933398,0.034533482,40.675957,-73.922,0.040420037,0.03214643,-0.027506849,-0.6576322,-7.5491867,1489369598096
359,-0.9615995,-0.017733093,-0.03993341,40.675957,-73.922,0.020333422,-0.016346876,0.016740039,-0.6351466,-7.5981336,1489369598163
360,-1.0346,-0.0808,-0.0204,40.675957,-73.922,0.02238,0.00874,-0.00042,-0.612661,-7.6470804,1489369598230
361,-0.9312663,-0.05146627,-0.021666564,40.675957,-73.922,5.3018797e-05,-0.055180002,0.04766021,-0.5901754,-7.6960278,1489369598296
362,-0.95726705,-0.09593335,0.02073352,40.675957,-73.922,0.049500313,-0.0045002317,0.03647334,-0.5676899,-7.744975,1489369598363
363,-0.9054,-0.0288,-0.0108,40.675957,-73.922,0.07258,0.04062,-0.02568,-0.5452042,-7.7939215,1489369598430
364,-0.96066713,-0.025666626,-0.015867103,40.675957,-73.922,0.10366701,0.016546438,-0.033500172,-0.52271867,-7.8428698,1489369598496
365,-0.9941999,-0.105400145,0.009333862,40.675957,-73.922,0.050373103,0.097733304,0.03546012,-0.5002331,-7.891816,1489369598563
366,-1.1176,-0.0528,-0.0832,40.675957,-73.922,0.04258,0.01768,-0.00346,-0.4777475,-7.9407635,1489369598630
367,-0.96826637,-0.060799766,-0.080066785,40.675957,-73.922,0.030219939,-0.0644069,0.025220029,-0.4552619,-7.9897103,1489369598696
368,-1.0041338,0.054400146,0.007666809,40.675957,-73.922,0.025433447,-0.13577358,-0.043706868,-0.43277633,-8.038657,1489369598763
369,-0.9242,-0.0844,-0.0176,40.675957,-73.922,0.05254,-0.08868,-0.04892,-0.41029072,-8.0876045,1489369598830
370,-0.9287332,-0.13146658,-0.026199928,40.675957,-73.922,0.06533999,-0.009300177,-0.019013442,-0.3878051,-8.136552,1489369598896
371,-1.014,-0.0651333,-0.011400024,40.675957,-73.922,0.025846692,0.029359661,0.023473224,-0.36531958,-8.185498,1489369598963
372,-0.9552,-0.0844,-0.109,40.67589,-73.92201,0.01588,0.07188,0.04432,-0.3549645,-8.222538,1489369599030
373,-1.012933,0.05313357,-0.056732863,40.67589,-73.92201,0.020699909,0.027466796,0.0123334415,-0.35943562,-8.245022,1489369599096
374,-0.9634002,-0.0696004,-0.106800355,40.67589,-73.92201,-0.013760095,0.06527356,0.107966796,-0.36390674,-8.267508,1489369599163
375,-1.0274,0.0362,-0.1146,40.67589,-73.92201,0.01232,-0.08792,-0.05978,-0.36837783,-8.289991,1489369599230
376,-1.1497339,-0.0019998169,-0.0835333,40.67589,-73.92201,0.032286834,-0.08691423,-0.025753843,-0.372849,-8.312476,1489369599296
377,-1.0341166,0.07995023,-0.06543352,40.67589,-73.92201,0.009466699,-0.033326566,0.035793558,-0.3773201,-8.334961,1489369599363
378,-0.9171,-0.12485,-0.06495,40.67589,-73.92201,0.026585,-0.012205,0.060655,-0.38179123,-8.357446,1489369599430
379,-0.953567,-0.026483215,-0.008367309,40.67589,-73.92201,0.042167116,-0.05220007,0.04446655,-0.38626236,-8.3799305,1489369599496
380,-0.83483267,0.0067001707,0.033600148,40.67589,-73.92201,-0.017436765,0.014784459,0.13492501,-0.39073348,-8.402414,1489369599563
381,-1.03115,0.0086,0.0176,40.67589,-73.92201,0.00668,0.033585,0.04008,-0.3952046,-8.4249,1489369599630
382,-0.96251655,0.046349913,-0.05750012,40.67589,-73.92201,-0.0056166137,0.1191603,0.06941007,-0.3996757,-8.447384,1489369599696
383,-0.92881656,0.026233472,-0.03586655,40.67589,-73.92201,-0.019660283,0.090435036,0.042921785,-0.40414682,-8.469869,1489369599763
384,-1.08225,-0.2068,-0.05385,40.67589,-73.92201,-0.05675,-0.02446,0.096625,-0.4086179,-8.492353,1489369599830
385,-1.084901,0.099549375,0.010700561,40.67589,-73.92201,-0.07560985,-0.0045916685,0.035524506,-0.41308907,-8.514838,1489369599896
386,-1.0128495,0.07329983,0.016233716,40.67589,-73.92201,-0.048139036,-0.013141596,0.0077469386,-0.4175602,-8.537323,1489369599963
387,-1.03095,0.03435,0.0262,40.675816,-73.92202,-0.036775,-0.05129,-0.03965,-0.42781082,-8.569648,1489369600030
388,-0.97290003,-0.0624173,-0.011666504,40.675816,-73.92202,-0.020883264,-0.031814996,-0.078338325,-0.4451253,-8.613999,1489369600096
389,-0.95840037,0.036849476,-0.01956648,40.675816,-73.92202,-0.051857013,-0.008981435,-0.010831496,-0.46243978,-8.658351,1489369600163
390,-1.014,0.07275,0.0716,40.675816,-73.92202,-0.01873,-0.046495,-0.093035,-0.47975427,-8.7027025,1489369600230
391,-0.94533324,0.02769983,0.072700076,40.675816,-73.92202,0.0025667236,0.00022994385,-0.06370843,-0.49706876,-8.747054,1489369600296
392,-0.9455999,-0.016033422,0.033033423,40.675816,-73.92202,-0.02029512,0.06300012,-0.07120166,-0.5143832,-8.791406,1489369600363
393,-0.9836,-0.0175,-0.00095,40.675816,-73.92202,-0.047425,0.071655,-0.03095,-0.53169775,-8.835757,1489369600430
394,-0.9574499,-0.053583678,0.00090002443,40.675816,-73.92202,-0.031288434,0.057483386,0.0026134278,-0.54901224,-8.88011,1489369600496
395,-0.9183335,-0.0062163942,0.007883142,40.675816,-73.92202,-0.029941717,0.044780046,0.0140949255,-0.5663267,-8.924461,1489369600563
396,-0.91265,0.00825,0.01455,40.675816,-73.92202,-0.03699,0.014445,0.03122,-0.5836412,-8.968812,1489369600630
397,-0.94395,0.028633423,-0.018966675,40.675816,-73.92202,-0.020673292,-0.059842095,-0.0041884338,-0.6009557,-9.0131645,1489369600696
398,-1.0118334,0.031150037,0.0229334,40.675816,-73.92202,-0.02825843,-0.015420029,0.03884667,-0.61827016,-9.057516,1489369600763
399,-1.03725,0.0697,0.0133,40.675816,-73.92202,-0.051395,-0.0098,0.02018,-0.6355846,-9.101867,1489369600830
400,-1.0399166,-0.023066895,-0.0138164675,40.675816,-73.92202,-0.06714009,-0.043516807,0.009816687,-0.65289915,-9.146219,1489369600896
401,-1.0062999,0.023433484,-0.0017667358,40.675816,-73.92202,-0.05393346,-0.035789903,0.005463419,-0.6702136,-9.19057,1489369600963
402,-1.0005,0.0056,0.015,40.67573,-73.92203,-0.04577,-0.01444,0.00903,-0.68281895,-9.232179,1489369601030
403,-0.9650667,0.03286665,0.047066797,40.67573,-73.92203,-0.057146452,-0.019476518,0.013999963,-0.6896686,-9.270432,1489369601096
404,-0.9388999,0.047766857,0.037699915,40.67573,-73.92203,-0.03420333,0.008093282,-0.02250006,-0.69651824,-9.308686,1489369601163
405,-0.9555,0.0208,0.0304,40.67573,-73.92203,-0.05148,0.01516,0.01507,-0.7033679,-9.34694,1489369601230
406,-0.9392336,0.0676665,0.017599951,40.67573,-73.92203,-0.04378338,0.06927996,0.009536549,-0.71021754,-9.385195,1489369601296
407,-0.9387998,-0.0077334475,-0.011833313,40.67573,-73.92203,-0.051419962,0.07339322,0.028066602,-0.71706724,-9.423449,1489369601363
408,-0.9745,0.0187,-0.0108,40.67573,-73.92203,-0.04576,0.02988,0.00124,-0.7239169,-9.461702,1489369601430
409,-1.0705665,0.033266578,-0.06406655,40.67573,-73.92203,-0.05484661,-0.044383354,-0.030813238,-0.73076653,-9.499957,1489369601496
410,-1.0087667,0.047,-0.03810011,40.67573,-73.92203,-0.04143992,-0.019543031,0.015080149,-0.7376162,-9.538212,1489369601563
411,-0.9955,-0.005,-0.0481,40.67573,-73.92203,-0.01491,-0.02371,-0.02813,-0.7444658,-9.576465,1489369601630
412,-0.96256673,0.03756637,-0.008366467,40.67573,-73.92203,0.0019631824,-0.049213104,-0.029576614,-0.7513156,-9.614719,1489369601696
413,-0.97363347,0.040833313,-0.0060331663,40.67573,-73.92203,0.0009267529,-0.04713352,-0.040170066,-0.7581652,-9.652973,1489369601763
414,-0.9897,0.0413,-0.0097,40.67573,-73.92203,-0.0067,-0.0121,-0.01639,-0.7650148,-9.691227,1489369601830
415,-1.0287664,-0.038066797,-0.039866894,40.67573,-73.92203,0.0232397,-0.042569447,-0.030232996,-0.77186453,-9.729482,1489369601896
416,-0.9610334,0.06003341,-0.10656652,40.67573,-73.92203,0.013700452,-0.05432023,-0.025010157,-0.7787142,-9.7677355,1489369601963
417,-0.9822,0.1017,-0.0818,40.675644,-73.92203,0.04131,-0.0011,-0.02579,-0.7788154,-9.788144,1489369602030
418,-0.9697,-0.02659983,-0.0752667,40.675644,-73.92203,0.029899988,0.04805992,0.006769874,-0.77066827,-9.786739,1489369602096
419,-1.0220323,0.023032067,-0.16279832,40.675644,-73.92203,-0.00045333497,-0.006402731,-0.051419545,-0.76252127,-9.785335,1489369602163
420,-0.8906,-0.0968,-0.065,40.675644,-73.92203,0.01373,0.19627,-0.07625,-0.75437427,-9.78393,1489369602230
421,-0.936567,-0.081466116,-0.03920039,40.675644,-73.92203,0.008106716,0.09993601,0.018906191,-0.74622715,-9.782526,1489369602296
422,-0.97066665,-0.11933325,-0.09996696,40.675644,-73.92203,-0.01323346,0.02687643,0.019576613,-0.7380802,-9.781122,1489369602363
423,-0.9485,-0.0572,-0.0683,40.675644,-73.92203,-0.02327,-0.01504,0.02441,-0.72993314,-9.7797165,1489369602430
424,-0.8953667,-0.09753279,-0.21479936,40.675644,-73.92203,0.06181938,-0.009786116,0.016506923,-0.7217861,-9.778313,1489369602496
425,-0.94903344,-0.12023412,-0.10009962,40.675644,-73.92203,0.027233424,-0.02430711,-0.0030737598,-0.7136391,-9.776908,1489369602563
426,-1.096,-0.09325,-0.08125,40.675644,-73.92203,0.00855,-0.06985,-0.035075,-0.705492,-9.775503,1489369602630
427,-1.0207498,-0.04333345,-0.069583505,40.675644,-73.92203,-0.03444154,-0.011816746,0.069650024,-0.697345,-9.774099,1489369602696
428,-0.92208326,0.066333346,-0.053749867,40.675644,-73.92203,-0.02301695,0.021733345,0.07106686,-0.68919796,-9.772695,1489369602763
429,-0.923,-0.02875,-0.1345,40.675644,-73.92203,0.006425,0.026325,0.05245,-0.6810509,-9.77129,1489369602830
430,-0.94750047,0.08816609,-0.1280829,40.675644,-73.92203,-0.010908407,-0.06146614,-0.044399757,-0.6729039,-9.769886,1489369602896
431,-0.89124864,-0.077833615,-0.0625831,40.675644,-73.92203,0.02476631,0.08025032,0.035625383,-0.6647569,-9.768481,1489369602963
432,-0.991,0.039,-0.08425,40.675552,-73.922035,-0.00735,0.0073,0.01325,-0.6545551,-9.761433,1489369603030
433,-1.0555834,0.07408363,-0.11316658,40.675552,-73.922035,-0.023716336,-0.07186655,0.027324898,-0.64184177,-9.747482,1489369603096
434,-1.1010005,0.08966714,-0.12791663,40.675552,-73.922035,0.021041447,-0.0452834,-0.06595012,-0.62912863,-9.733534,1489369603163
435,-1.048,-0.09625,-0.1615,40.675552,-73.922035,-0.01625,-0.1426,-0.045375,-0.6164153,-9.719584,1489369603230
436,-1.0001659,0.012416638,-0.026333544,40.675552,-73.922035,0.015650101,-0.095783114,-0.025616605,-0.6037021,-9.705635,1489369603296
437,-0.8863336,0.013666162,-0.021167018,40.675552,-73.922035,0.012349954,-0.07784151,-0.038216703,-0.590989,-9.691687,1489369603363
438,-0.97825,0.03075,-0.01225,40.675552,-73.922035,0.033175,0.014575,-0.02715,-0.5782757,-9.677737,1489369603430
439,-0.8458337,-0.15133399,0.0011667237,40.675552,-73.922035,0.096624725,0.1275254,-0.02758323,-0.5655625,-9.663788,1489369603496
440,-1.0280004,0.086832546,-0.21266621,40.675552,-73.922035,0.015225634,0.039799836,0.10317492,-0.5528493,-9.649839,1489369603563
441,-1.01175,0.026,-0.12075,40.675552,-73.922035,0.1028,0.121425,-0.12485,-0.54013604,-9.63589,1489369603630
442,-1.0059999,-0.020082556,-0.084583506,40.675552,-73.922035,0.06662445,0.057924375,0.016283045,-0.5274228,-9.621942,1489369603696
443,-0.9772498,0.03366738,-0.08841608,40.675552,-73.922035,0.07032494,0.03945845,-0.069324695,-0.5147096,-9.607992,1489369603763
444,-0.8915,-0.0885,0.00625,40.675552,-73.922035,-0.028175,-0.018825,0.08305,-0.50199634,-9.594043,1489369603830
445,-0.94791657,0.048998877,0.04033291,40.675552,-73.922035,-0.027508086,0.051491883,-0.013000053,-0.4892831,-9.580093,1489369603896
446,-0.92683303,0.07350042,-0.082417056,40.675552,-73.922035,-0.0636254,0.0817419,-0.01420818,-0.47656995,-9.566145,1489369603963
447,-0.995,0.0185,-0.09875,40.67547,-73.92204,-0.05335,0.090625,-0.047475,-0.4752986,-9.564751,1489369604030
448,-1.0194163,-0.017833374,-0.12316653,40.67547,-73.92204,-0.06351655,-0.00037494506,-0.017374882,-0.48801184,-9.578699,1489369604096
449,-0.9853334,0.03816702,-0.08724999,40.67547,-73.92204,-0.016224891,-0.031966727,-0.0308417,-0.50072503,-9.592648,1489369604163
450,-0.9212,0.0222,-0.0466,40.67547,-73.92204,-0.0329,-0.01246,0.00258,-0.5134382,-9.606597,1489369604230
451,-0.9095332,0.013600232,-0.0039334227,40.67547,-73.92204,-0.03180669,-0.003306615,0.016933337,-0.52615154,-9.620546,1489369604296
452,-0.9366,0.014333191,-0.031933386,40.67547,-73.92204,-0.010346563,0.032400116,-0.03072664,-0.53886473,-9.634495,1489369604363
453,-0.9394,0.0588,-0.0478,40.67547,-73.92204,-0.02366,0.04104,-0.0129,-0.5515779,-9.648444,1489369604430
454,-0.97746664,-0.0042001586,-0.082,40.67547,-73.92204,-0.035073306,0.040126648,-0.009486593,-0.5642912,-9.662394,1489369604496
455,-0.9828001,-0.020466784,-0.10966669,40.67547,-73.92204,-0.029960025,0.017960086,-0.00085334596,-0.5770044,-9.676342,1489369604563
456,-0.9488,0.0506,-0.1172,40.67547,-73.92204,-0.01296,-0.0148,-0.02488,-0.5897176,-9.690291,1489369604630
457,-0.98739976,0.026200037,-0.058333375,40.67547,-73.92204,-0.023060048,-0.032979842,0.0012467444,-0.6024309,-9.704241,1489369604696
458,-0.9764003,0.0017997925,-0.03659989,40.67547,-73.92204,-0.017000178,-0.030793406,-0.007766742,-0.615144,-9.718189,1489369604763
459,-0.9374,-0.0152,-0.0722,40.67547,-73.92204,-0.02918,-0.0074,-0.0024,-0.62785727,-9.732138,1489369604830
460,-0.9581332,0.04160005,-0.062866844,40.67547,-73.92204,-0.03376002,0.0069601084,0.017520022,-0.6405705,-9.746088,1489369604896
461,-0.96993333,0.04066669,-0.10346654,40.67547,-73.92204,-0.011506667,0.04275995,0.005773385,-0.6532837,-9.760036,1489369604963
462,-0.9768,-0.0438,-0.106,40.675377,-73.92205,-0.04728,0.04064,0.01464,-0.6669651,-9.761758,1489369605030
463,-1.0344,0.020666625,-0.1851998,40.675377,-73.92205,-0.05787328,-0.035926577,-0.017753238,-0.6818297,-9.748531,1489369605096
464,-1.0584002,0.030933509,-0.16166693,40.675377,-73.92205,-0.040706526,-0.079386584,-0.012573367,-0.69669425,-9.735307,1489369605163
465,-0.9842,0.0002,-0.0856,40.675377,-73.92205,-0.00996,-0.0638,-0.01136,-0.7115588,-9.72208,1489369605230
466,-0.9560001,-0.015932996,-0.075466715,40.675377,-73.92205,-0.02757326,-0.0068335207,0.009626545,-0.7264235,-9.708855,1489369605296
467,-1.0053333,0.044533275,-0.07933337,40.675377,-73.92205,-0.03050668,-0.018066766,-0.005353364,-0.74128807,-9.695629,1489369605363
468,-1.001,0.0334,-0.1142,40.675377,-73.92205,-0.01866,0.00056,-0.00652,-0.7561527,-9.682404,1489369605430
469,-0.9863999,-0.004066699,-0.1351334,40.675377,-73.92205,-0.011913437,0.0044934032,0.0024467139,-0.7710173,-9.669178,1489369605496
470,-0.9868,0.004999939,-0.12113323,40.675377,-73.92205,-0.025426706,-0.016620113,-0.00071999634,-0.7858819,-9.655952,1489369605563
471,-0.9752,0.01,-0.103,40.675377,-73.92205,-0.03242,-0.0382,0.00658,-0.80074656,-9.642727,1489369605630
472,-0.9696001,0.0005331665,-0.12193318,40.675377,-73.92205,-0.03424661,-0.021566425,-0.020859906,-0.8156111,-9.629501,1489369605696
473,-0.9724668,0.007733179,-0.12706679,40.675377,-73.92205,-0.0357598,-0.019766845,-0.0009201245,-0.8304757,-9.616276,1489369605763
474,-1.0068,0.0516,-0.1202,40.675377,-73.92205,-0.006531579,-0.025621053,-0.046310525,-0.8453403,-9.60305,1489369605830
475,-0.9683667,-0.019766528,-0.124183334,40.675377,-73.92205,0.012553086,0.004523323,-0.024749963,-0.860205,-9.589824,1489369605896
476,-0.9649,-0.0023500365,-0.11146655,40.675377,-73.92205,0.007956579,0.018599853,-0.0030666504,-0.8750695,-9.576599,1489369605963
477,-0.96965,0.0123,-0.1438,40.67528,-73.92206,0.01483,-0.004565,-0.021975,-0.87844586,-9.534212,1489369606030
478,-0.9927498,-0.047266405,-0.15618333,40.67528,-73.92206,-0.016158294,-0.0056415587,-0.015073237,-0.8677809,-9.456184,1489369606096
479,-0.98756677,-0.011116516,-0.19650012,40.67528,-73.92206,-0.010351666,0.009386719,-0.01763167,-0.85711604,-9.378159,1489369606163
480,-0.98175,-0.0107,-0.2263,40.67528,-73.92206,-0.025465,-0.01349,-0.026645,-0.84645104,-9.30013,1489369606230
481,-0.98918307,0.0054000975,-0.22249988,40.67528,-73.92206,-0.0412233,0.0044365455,0.017094914,-0.8357862,-9.222103,1489369606296
482,-1.0011834,0.016816834,-0.255,40.67528,-73.92206,0.0006051819,-0.00091491087,-0.024628315,-0.8251213,-9.144076,1489369606363
483,-0.9718,0.0424,-0.2524,40.67528,-73.92206,0.01872,-0.02427,-0.01541,-0.81445634,-9.066049,1489369606430
484,-0.9397503,-0.016899975,-0.24041681,40.67528,-73.92206,0.019468272,0.00045313477,0.014054904,-0.80379146,-8.988022,1489369606496
485,-0.94856656,0.024566527,-0.20928338,40.67528,-73.92206,0.0009748474,-0.0025184876,0.014815033,-0.7931266,-8.909994,1489369606563
486,-0.9438,-0.01995,-0.22545,40.67528,-73.92206,-0.02049,0.028345,0.02395,-0.78246164,-8.831966,1489369606630
487,-0.9454001,0.03696633,-0.22518334,40.67528,-73.92206,-0.034283217,0.029483484,0.023273336,-0.7717967,-8.75394,1489369606696
488,-0.9979499,0.01816687,-0.28940016,40.67528,-73.92206,-0.01664989,-0.015101581,-0.03289842,-0.7611318,-8.675913,1489369606763
489,-1.01035,-0.02405,-0.25965,40.67528,-73.92206,0.003685,-0.02704,-0.01284,-0.7504669,-8.597884,1489369606830
490,-0.9560332,0.023616614,-0.24444999,40.67528,-73.92206,0.01754645,-0.052541386,0.009571762,-0.739802,-8.519857,1489369606896
491,-0.92609996,0.019916564,-0.21108344,40.67528,-73.92206,-0.011703259,-0.06786991,-0.009335004,-0.72913706,-8.441831,1489369606963
492,-0.95265,-0.0142,-0.1877,40.6752,-73.922066,0.01221,-0.02152,-0.00579,-0.71818703,-8.354785,1489369607030
493,-0.9613001,0.0037500612,-0.23813345,40.6752,-73.922066,-0.0055597704,0.020721652,0.0052916687,-0.70688844,-8.256717,1489369607096
494,-1.0110835,-0.0049000243,-0.2256001,40.6752,-73.922066,-0.029221795,0.01186001,-0.00042342528,-0.6955899,-8.158649,1489369607163
495,-1.02515,0.00085,-0.2461,40.6752,-73.922066,-0.02894,-0.02601,-0.00806,-0.6842913,-8.060581,1489369607230
496,-0.9835999,0.022766773,-0.2665166,40.6752,-73.922066,-0.009618334,-0.037658367,-0.010616663,-0.6729927,-7.9625144,1489369607296
497,-0.9529334,0.0022332764,-0.22763342,40.6752,-73.922066,-0.013915009,-0.026804913,0.0006717102,-0.6616942,-7.8644476,1489369607363
498,-0.9265,0.0141,-0.2329,40.6752,-73.922066,-0.001985,-0.016765,-0.01933,-0.65039563,-7.7663794,1489369607430
499,-0.91323334,-0.007899963,-0.19806665,40.6752,-73.922066,-0.0046299864,-0.00567323,0.0062266844,-0.6390971,-7.668312,1489369607496
500,-0.9199999,0.007666748,-0.20169987,40.6752,-73.922066,-0.009146646,0.029743273,-0.008016632,-0.62779856,-7.5702443,1489369607563
501,-0.9905,0.0176,-0.239,40.6752,-73.922066,-0.00645,0.02393,-0.00526,-0.61649996,-7.472176,1489369607630
502,-1.0108,0.0018999634,-0.29803327,40.6752,-73.922066,0.00047665407,0.034236614,-0.004260022,-0.6052014,-7.374109,1489369607696
503,-0.9969334,0.025933398,-0.2547667,40.6752,-73.922066,-0.0057733594,0.005923329,-0.010363351,-0.5939028,-7.276041,1489369607763
504,-0.9368,-0.0108,-0.2621,40.6752,-73.922066,-0.01159,-0.0059,-0.01796,-0.5826043,-7.177973,1489369607830
505,-0.8996666,-0.022700012,-0.23193336,40.6752,-73.922066,-0.0098766545,-0.007929974,-0.001316632,-0.5713057,-7.0799055,1489369607896
506,-0.8822669,-0.06919993,-0.22223341,40.6752,-73.922066,0.003930062,-0.026709862,0.02270655,-0.56000715,-6.981838,1489369607963
507,-0.944,0.0407,-0.1887,40.675137,-73.92207,-0.01301,-0.01602,0.02598,-0.54972917,-6.8770633,1489369608030
508,-1.0196,0.022099914,-0.23696661,40.675137,-73.92207,0.006023212,0.038673155,-0.0026200318,-0.54069847,-6.7640896,1489369608096
509,-1.0128332,0.119199805,-0.2644332,40.675137,-73.92207,-0.00087333494,0.051156726,0.0104901865,-0.5316678,-6.6511173,1489369608163
510,-1.0291,0.0099,-0.2759,40.675137,-73.92207,0.00631,-0.00143,-0.03621,-0.5226371,-6.538144,1489369608230
511,-1.0334666,0.081166685,-0.3044333,40.675137,-73.92207,-0.008043402,-0.038136628,-0.034230035,-0.5136064,-6.425171,1489369608296
512,-1.0054001,-0.028599903,-0.25203335,40.675137,-73.92207,0.001920066,-0.067169905,-0.062360052,-0.5045758,-6.3121986,1489369608363
513,-0.9207,-0.0489,-0.2429,40.675137,-73.92207,-0.01294,-0.07581,-0.01022,-0.4955451,-6.1992254,1489369608430
514,-0.92463326,-0.023900086,-0.19423321,40.675137,-73.92207,-0.019226685,-0.07042999,-0.02301328,-0.48651442,-6.086252,1489369608496
515,-0.9044667,-0.027333373,-0.1804667,40.675137,-73.92207,-0.020639962,-0.041433327,0.0066666626,-0.47748375,-5.9732795,1489369608563
516,-0.936,0.0845,-0.1747,40.675137,-73.92207,-0.01832,-0.02143,-0.01516,-0.46845305,-5.8603063,1489369608630
517,-0.9807,-0.011433288,-0.21326673,40.675137,-73.92207,0.0011233459,0.016036687,-0.028636627,-0.45942235,-5.7473335,1489369608696
518,-1.0048667,0.04109996,-0.2103666,40.675137,-73.92207,0.0041232677,0.029883355,-0.020659905,-0.4503917,-5.634361,1489369608763
519,-1.0255,-0.0268,-0.2445,40.675137,-73.92207,0.00108,0.02733,-0.05231,-0.441361,-5.521387,1489369608830
520,-0.9947333,0.0004666748,-0.22059998,40.675137,-73.92207,-0.012050043,0.012610053,0.0037299744,-0.43233034,-5.4084144,1489369608896
521,-0.9819666,0.0011334473,-0.21933325,40.675137,-73.92207,-0.0066999267,0.0045500426,-0.028953293,-0.42329967,-5.2954416,1489369608963
522,-0.9367,-0.019,-0.2205,40.675083,-73.92208,-0.01207,0.00014,0.01108,-0.4158706,-5.2025046,1489369609030
523,-0.94710004,0.008433289,-0.19023333,40.675083,-73.92208,0.0029632386,-0.029456623,-0.010509979,-0.41039908,-5.1340566,1489369609096
524,-0.9378666,-0.002433423,-0.1617166,40.675083,-73.92208,-0.00040508178,-0.019259956,-0.0030499878,-0.40492755,-5.065608,1489369609163
525,-0.9442,-0.028,-0.15765,40.675083,-73.92208,-0.00729,-0.001105,-0.00336,-0.399456,-4.99716,1489369609230
526,-0.9685833,-0.0077000246,-0.1541167,40.675083,-73.92208,-0.0032900171,-0.006858234,-0.0014149743,-0.3939845,-4.9287114,1489369609296
527,-0.97045004,0.014349866,-0.16841656,40.675083,-73.92208,-0.0040050084,-0.012268385,0.00051996094,-0.38851297,-4.8602633,1489369609363
528,-0.9799,-0.01865,-0.1752,40.675083,-73.92208,0.00189,-0.00335,-0.013695,-0.38304144,-4.791815,1489369609430
529,-0.99586666,-0.015616589,-0.175,40.675083,-73.92208,-0.0107782725,-0.020530023,-0.0017983117,-0.3775699,-4.7233667,1489369609496
530,-0.977,0.016516736,-0.16868336,40.675083,-73.92208,-0.015378329,-0.010194918,-0.02017662,-0.3720984,-4.654918,1489369609563
531,-0.95135,-0.0259,-0.147,40.675083,-73.92208,-0.00269,0.00218,-0.006135,-0.36662686,-4.5864697,1489369609630
532,-0.9532667,-0.02813335,-0.16401663,40.675083,-73.92208,-0.010094935,0.025621606,-0.013585025,-0.36115533,-4.5180216,1489369609696
533,-0.9796333,-0.034099925,-0.18571658,40.675083,-73.92208,-0.008666602,0.017610017,-0.0046450035,-0.3556838,-4.449573,1489369609763
534,-1.00605,-0.0065,-0.20515,40.675083,-73.92208,-0.01389,0.000945,0.00028,-0.35021225,-4.381125,1489369609830
535,-0.99355006,0.010133349,-0.1916166,40.675083,-73.92208,-0.0010217273,0.0034065333,0.0014049426,-0.34474075,-4.3126764,1489369609896
536,-0.9632499,0.011633276,-0.17638333,40.675083,-73.92208,-0.0033683118,-0.0042,0.0054266797,-0.33926922,-4.2442284,1489369609963
537,-0.94865,-0.00815,-0.17455,40.67504,-73.92208,0.00299,0.0089,-0.000695,-0.3333667,-4.1779194,1489369610030
538,-0.959,-0.031833373,-0.17013335,40.67504,-73.92208,0.00016168335,-0.0070798877,-0.0015549305,-0.32693738,-4.114225,1489369610096
539,-0.9772668,-0.017916687,-0.17883338,40.67504,-73.92208,-0.0052065966,-0.022474958,-0.0068733934,-0.32050812,-4.0505304,1489369610163
540,-0.9733,0.0047,-0.2068,40.67504,-73.92208,0.01047,-0.011265,-0.017195,-0.3140788,-3.9868362,1489369610230
541,-0.9670499,-0.0077832155,-0.17686665,40.67504,-73.92208,0.00021497437,-0.017401688,-0.0012499877,-0.30764952,-3.9231417,1489369610296
542,-0.97515,-0.012133398,-0.17903323,40.67504,-73.92208,0.007099927,-0.015926484,-0.02531825,-0.30122024,-3.8594477,1489369610363
543,-0.97675,-0.0091,-0.156,40.67504,-73.92208,-0.003535,-0.002675,-0.001305,-0.29479092,-3.7957535,1489369610430
544,-0.97001666,-0.004149988,-0.15583338,40.67504,-73.92208,-0.00018664062,0.014276657,-0.0022867138,-0.28836164,-3.732059,1489369610496
545,-0.9740166,0.000916687,-0.18539995,40.67504,-73.92208,-0.0011150256,0.021378256,-0.016065013,-0.28193235,-3.6683648,1489369610563
546,-0.994,-0.0113,-0.19605,40.67504,-73.92208,0.005245,-0.00656,-0.01119,-0.27550304,-3.6046705,1489369610630
547,-0.9837333,-0.029566675,-0.20476657,40.67504,-73.92208,-0.0074283336,-0.013584953,-0.006073281,-0.26907375,-3.540976,1489369610696
548,-0.9466667,-0.022999987,-0.17566676,40.67504,-73.92208,-0.009099983,0.012833321,-0.0017999829,-0.26264447,-3.4772818,1489369610763
549,-0.946,-0.022,-0.173,40.67504,-73.92208,-0.0064,-0.002,0.001,-0.25621516,-3.4135873,1489369610830
550,-0.9836666,0.0040000123,-0.19233333,40.67504,-73.92208,-0.0002667102,0.0013999402,-0.008133303,-0.24978589,-3.349893,1489369610896
551,-0.984,0.010333338,-0.20933329,40.67504,-73.92208,-0.00066668825,0.0053,-0.005266654,-0.24335659,-3.2861986,1489369610963
552,-0.951,0.0,-0.212,40.675007,-73.92209,0.001,-0.0021,0.0021,-0.2369294,-3.2119734,1489369611030
553,-0.9570001,-0.018000012,-0.21566668,40.675007,-73.92209,-0.0021666796,0.00073331664,0.0063333204,-0.23050475,-3.1248765,1489369611096
554,-0.98300004,-0.015000037,-0.23699994,40.675007,-73.92209,-0.0107333595,9.9974364e-05,0.011999978,-0.22408013,-3.0377803,1489369611163
555,-0.989,-0.01,-0.236,40.675007,-73.92209,0.0,-0.0117,-0.0075,-0.21765547,-2.950683,1489369611230
556,-0.96566665,-0.004333264,-0.22600003,40.675007,-73.92209,0.002866637,-0.0113666495,-0.007766671,-0.21123084,-2.8635864,1489369611296
557,-0.94066674,-0.009666675,-0.22799994,40.675007,-73.92209,0.007666632,-0.018133346,0.0007332898,-0.20480621,-2.77649,1489369611363
558,-0.944,-0.015,-0.226,40.675007,-73.92209,0.0053,-0.0064,-0.0074,-0.19838156,-2.689393,1489369611430
559,-0.9826667,-0.016333314,-0.21333337,40.675007,-73.92209,-0.004499966,0.0003999524,-0.00783335,-0.19195692,-2.6022966,1489369611496
560,-0.98766667,-0.02166665,-0.21766666,40.675007,-73.92209,-0.005633351,-0.0006666626,-0.0011,-0.1855323,-2.5152,1489369611563
561,-0.974,-0.018,-0.211,40.675007,-73.92209,-0.0139,-0.0052,0.003,-0.17910764,-2.428103,1489369611630
562,-0.969,-0.011,-0.19366664,40.675007,-73.92209,-0.0050000353,-0.008100073,0.0003333496,-0.172683,-2.3410063,1489369611696
563,-0.9586666,0.002333301,-0.18933338,40.675007,-73.92209,-0.0042666798,-0.0052332557,0.0017000476,-0.16625838,-2.2539098,1489369611763
564,-0.961,0.005,-0.202,40.675007,-73.92209,-0.0106,-0.0052,-0.0022,-0.15983373,-2.166813,1489369611830
565,-0.9610001,0.0043332763,-0.18499999,40.675007,-73.92209,-0.0066333506,0.0021666284,-0.003900022,-0.1534091,-2.0797162,1489369611896
566,-0.97366667,-0.0040000244,-0.19233334,40.675007,-73.92209,-0.010199983,0.0046666064,-0.001533363,-0.14698447,-1.9926198,1489369611963
567,-0.966,-0.01,-0.2,40.674984,-73.92209,-0.0106,-0.0031,-0.0054,-0.14102326,-1.911806,1489369612030
568,-0.9733333,-0.012333337,-0.19866663,40.674984,-73.92209,-0.014500048,-0.0069665844,-0.0043666405,-0.13562854,-1.8386711,1489369612096
569,-0.96933335,-0.010666699,-0.19133332,40.674984,-73.92209,-0.011633321,-0.010166663,-0.008266688,-0.13023381,-1.7655367,1489369612163
570,-0.966,-0.014,-0.202,40.674984,-73.92209,-0.0096,-0.002,0.0052,-0.12483906,-1.6924019,1489369612230
571,-0.964,-0.007666638,-0.20000002,40.674984,-73.92209,-0.011333343,-0.010166598,-0.0025999523,-0.119444326,-1.6192672,1489369612296
572,-0.9593685,-0.006982499,-0.1887895,40.674984,-73.92209,-0.011770175,-0.021573676,-0.005208799,-0.11404961,-1.5461329,1489369612363
573,-0.97085,-0.0033,-0.19615,40.674984,-73.92209,-0.00961,-0.0321,-0.01771,-0.108654864,-1.472998,1489369612430
574,-0.9797999,-0.0128499875,-0.19066675,40.674984,-73.92209,-0.006721671,-0.0108533595,-0.0064383335,-0.10326013,-1.3998634,1489369612496
575,-0.98286664,-0.015716663,-0.1904167,40.674984,-73.92209,-0.011310056,-0.0136599215,-0.008198312,-0.0978654,-1.3267289,1489369612563
576,-0.97695,-0.01755,-0.18145,40.674984,-73.92209,-0.01731,-0.00564,-0.00891,-0.09247066,-1.2535942,1489369612630
577,-0.97983336,-0.012933301,-0.18631664,40.674984,-73.92209,-0.01047332,0.004929905,0.0031099438,-0.08707592,-1.1804595,1489369612696
578,-0.967,-0.009599951,-0.18171667,40.674984,-73.92209,-0.0089267185,0.0021283338,0.004455004,-0.0816812,-1.107325,1489369612763
579,-0.97245,-0.0026,-0.1755,40.674984,-73.92209,-0.01165,-5e-06,0.002,-0.07628646,-1.0341902,1489369612830
580,-0.9702834,-0.0067832884,-0.18454996,40.674984,-73.92209,-0.010983338,-0.004288346,-0.0069216713,-0.070891716,-0.9610555,1489369612896
581,-0.97011673,-0.00686665,-0.18114999,40.674984,-73.92209,-0.01179332,-0.0003333252,-0.0054,-0.065496996,-0.88792104,1489369612963
582,-0.9739,-0.0131,-0.18095,40.67497,-73.92209,-0.0105,0.00676,-0.00358,-0.06065399,-0.82226604,1489369613030
583,-0.96791667,-0.014616663,-0.17785,40.67497,-73.92209,-0.012021671,-0.00068497437,-0.0052733202,-0.056485325,-0.7657528,1489369613096
584,-0.9672833,-0.00813335,-0.17513335,40.67497,-73.92209,-0.011509983,-0.0015233423,-0.0063533154,-0.052316677,-0.70923984,1489369613163
585,-0.96625,-0.013,-0.1787,40.67497,-73.92209,-0.010655,0.000785,-0.001315,-0.04814801,-0.6527266,1489369613230
586,-0.97155,-0.011066699,-0.17630002,40.67497,-73.92209,-0.009921671,-0.005689983,-0.0033683118,-0.043979347,-0.5962134,1489369613296
587,-0.97316664,-0.008116712,-0.17356667,40.67497,-73.92209,-0.010481649,-0.0088799605,-0.0044933204,-0.0398107,-0.53970045,1489369613363
588,-0.96555,-0.0129,-0.16145,40.67497,-73.92209,-0.0096,-0.005305,0.001735,-0.035642035,-0.48318723,1489369613430
589,-0.96816665,-0.013300024,-0.14584999,40.67497,-73.92209,-0.009343342,-0.0052683116,0.0007666748,-0.031473372,-0.42667407,1489369613496
590,-0.97174996,-0.011716663,-0.14170003,40.67497,-73.92209,-0.010911671,-0.00500668,-0.00022165406,-0.027304722,-0.37016106,1489369613563
591,-0.96675,-0.01105,-0.1437,40.67497,-73.92209,-0.01153,-0.00515,0.003995,-0.023136057,-0.31364787,1489369613630
592,-0.97601664,-0.012300025,-0.13953336,40.67497,-73.92209,-0.008243342,-0.0060733203,0.0005100171,-0.018967394,-0.25713465,1489369613696
593,-0.9748833,-0.0125666745,-0.13613334,40.67497,-73.92209,-0.008571667,-0.008711671,0.0016883288,-0.014798745,-0.20062168,1489369613763
594,-0.9768,-0.01685,-0.1091,40.67497,-73.92209,-0.012685,-0.01365,0.004045,-0.0106300805,-0.14410847,1489369613830
595,-0.9849333,-0.015383338,-0.05878329,40.67497,-73.92209,-0.0097,-0.01732167,0.0052,-0.0064614164,-0.08759528,1489369613896
